
a <- 10
b <- 155

c <- a+b
