
a <- 10
b <- 155
f <- a+b
c <- a+b+f
e<1000000
